0   2 2   3 1 0 2   1 2 3 0
1   2 2   2 3 0 1   1 3 0 2
2   3 2   5 3 0 4 1 2   2 5 4 3 1 0
3   3 2   2 5 0 4 1 3   1 3 5 2 0 4
4   2 3   5 1 2 3 4 0   2 4 0 3 5 1
5   2 3   5 0 1 4 2 3   4 1 5 3 0 2
6   3 3   4 7 5 0 8 6 2 1 3   0 8 3 2 1 5 4 7 6
7   3 3   1 2 5 4 0 8 3 6 7   1 2 0 7 8 4 3 6 5
8   4 3   1 6 7 9 8 3 4 10 0 5 11 2   11 7 1 9 6 3 4 8 0 10 2 5
9   4 3   3 0 5 11 1 4 6 2 10 8 9 7   5 8 0 3 1 4 11 2 10 6 9 7
10   3 4   2 3 10 5 4 11 9 1 0 7 8 6   4 3 10 8 0 11 9 5 6 2 7 1
11   3 4   10 9 2 0 7 5 1 6 11 8 3 4   11 9 2 0 5 1 6 10 4 7 8 3
12   4 4   15 8 6 11 14 0 1 3 2 13 5 12 10 4 7 9   15 8 7 11 14 0 6 3 12 2 1 5 4 13 9 10
13   4 4   12 2 5 10 13 8 7 4 9 6 14 0 3 15 11 1   10 12 2 1 5 13 8 7 9 6 14 4 3 15 11 0
14   5 4   17 6 1 15 11 8 19 3 12 2 18 10 13 0 14 9 16 4 5 7   17 4 1 15 3 11 6 19 12 8 18 10 9 13 2 14 16 0 5 7
15   5 4   0 8 7 17 3 10 15 18 4 5 11 16 6 13 19 9 2 12 1 14   14 0 10 7 3 5 15 17 4 13 11 18 6 12 19 16 2 8 1 9
16   4 5   17 19 13 15 10 8 5 3 9 6 16 11 4 2 1 18 7 14 12 0   10 5 19 9 15 8 11 3 2 6 16 7 4 12 1 18 17 14 13 0
17   4 5   6 12 16 5 15 19 0 4 11 3 10 2 17 14 18 8 7 9 13 1   6 2 16 11 15 19 7 4 14 3 10 12 17 13 18 8 0 9 5 1
18   5 5   23 16 24 6 9 5 4 22 18 17 15 14 1 11 0 20 2 12 7 13 21 10 3 8 19   23 16 24 6 9 5 4 22 18 17 15 14 1 11 0 13 20 2 12 7 8 19 21 10 3
19   5 5   2 10 1 6 21 7 16 14 17 23 11 12 18 24 20 15 0 4 9 3 5 13 19 8 22   2 10 1 6 22 7 16 14 17 21 12 18 24 23 11 20 15 0 4 9 5 13 19 8 3
