0   4 4   9 8 10 3 5 13 4 12 14 0 15 1 7 2 6 11   13 11 7 9 5 10 3 12 14 0 4 1 6 2 15 8
1   4 4   8 15 7 13 9 11 3 14 1 5 2 12 4 10 0 6   4 11 12 13 8 5 7 14 9 10 2 3 1 15 0 6
2   4 4   6 11 7 14 3 13 12 2 5 15 1 8 4 0 9 10   13 14 4 8 5 15 12 3 6 0 9 1 11 7 10 2
3   4 4   4 3 1 15 13 9 10 11 2 5 6 14 12 8 0 7   4 8 10 7 1 11 9 15 3 2 0 6 12 5 13 14
4   4 4   4 7 15 8 14 6 12 2 9 3 0 5 11 1 10 13   8 4 7 5 2 14 12 11 9 3 6 15 0 1 10 13
5   4 4   4 12 15 3 5 6 10 0 8 9 1 13 2 14 7 11   12 7 3 0 10 4 6 15 11 13 5 9 2 8 14 1
6   4 4   2 14 10 1 15 13 9 0 11 5 6 3 12 8 4 7   10 13 2 9 15 5 6 3 11 14 4 7 8 0 1 12
7   4 4   6 8 2 10 12 3 4 0 9 1 13 7 15 5 11 14   8 2 0 6 14 12 3 7 9 1 4 10 5 11 13 15
8   4 4   5 10 3 2 13 9 14 15 12 11 4 6 0 8 7 1   8 1 9 2 5 13 4 14 15 11 0 6 12 3 10 7
9   4 4   6 3 11 14 13 0 9 4 5 1 12 8 10 7 2 15   14 9 3 2 4 1 8 11 5 6 12 13 10 0 7 15
10   4 4   7 14 12 13 6 4 2 1 3 5 11 9 15 8 10 0   7 15 14 3 13 1 4 12 8 6 5 2 0 10 9 11
11   4 4   0 15 10 4 2 1 7 6 12 13 5 3 14 8 9 11   15 10 6 12 1 7 3 9 11 13 5 4 0 14 8 2
12   4 4   10 12 6 11 7 15 14 5 0 2 9 1 4 8 13 3   13 6 11 2 7 8 14 5 9 12 0 15 4 1 3 10
13   4 4   2 14 3 12 7 11 10 8 9 15 13 5 0 1 6 4   7 12 2 1 8 11 9 10 5 15 14 13 0 3 6 4
14   4 4   5 1 7 15 13 14 0 10 11 4 2 8 6 12 3 9   1 2 0 15 14 10 13 11 6 4 3 8 5 12 7 9
15   4 4   14 13 15 1 7 10 4 2 6 5 3 9 12 11 0 8   7 10 4 8 9 15 5 1 12 6 0 2 14 11 13 3
16   4 4   15 5 8 2 14 4 10 13 7 12 6 1 9 0 11 3   5 10 12 2 14 4 13 7 11 6 8 1 9 0 3 15
17   4 4   5 2 4 9 13 7 1 10 0 6 11 3 12 14 15 8   13 7 11 3 0 6 15 1 12 14 9 5 8 2 4 10
18   4 4   8 2 6 4 1 5 14 9 15 12 11 0 13 7 3 10   12 2 3 15 13 5 6 10 8 11 14 4 1 7 0 9
19   4 4   14 1 10 9 7 12 8 13 5 0 2 3 4 6 15 11   14 9 8 3 2 13 7 11 12 6 5 0 4 1 10 15
