0   4 4   14 7 0 10 13 12 15 3 9 1 4 6 8 2 5 11   7 0 5 11 13 12 10 14 1 4 15 3 8 2 6 9
1   4 4   15 1 7 13 12 11 4 8 3 2 5 10 6 14 0 9   6 14 13 15 8 1 7 4 12 11 5 10 3 2 0 9
2   4 4   13 7 4 0 5 3 10 6 1 8 12 11 14 9 15 2   13 7 15 0 5 4 10 6 1 3 12 11 9 8 2 14
3   4 4   10 5 3 12 1 15 11 14 13 7 9 6 4 8 0 2   5 3 11 12 1 15 9 14 13 7 0 6 4 8 2 10
4   4 4   14 8 11 10 7 3 6 5 4 15 12 13 9 2 0 1   14 8 0 5 7 3 11 4 15 6 13 9 2 12 1 10
5   4 4   14 1 8 9 15 6 0 11 3 7 5 4 13 10 2 12   14 1 0 9 15 6 3 11 4 2 7 5 13 10 8 12
6   4 4   14 10 4 3 0 6 8 5 13 2 9 1 11 15 7 12   3 14 10 4 6 8 5 0 2 9 1 13 15 7 12 11
7   4 4   5 15 3 12 11 9 13 0 14 6 10 8 1 4 2 7   11 9 2 0 14 6 3 8 1 4 13 7 5 15 10 12
8   4 4   8 10 11 3 0 2 14 9 4 6 15 7 1 12 5 13   1 12 5 3 8 10 11 9 7 0 2 14 4 6 15 13
9   4 4   1 11 8 0 2 12 9 13 14 4 5 7 15 3 10 6   15 8 0 2 11 9 13 7 12 4 5 6 14 3 10 1
10   4 4   1 0 6 15 5 9 13 4 3 11 14 10 7 12 8 2   6 15 1 0 5 9 13 4 3 11 14 10 8 2 7 12
11   4 4   13 2 3 5 12 8 6 14 4 0 1 7 10 9 15 11   13 2 3 14 12 8 6 7 10 4 0 1 5 9 15 11
12   4 4   3 4 0 2 6 14 7 11 1 12 15 10 8 13 5 9   3 7 11 6 14 12 15 10 1 13 5 9 8 4 0 2
13   4 4   12 7 13 15 1 11 9 10 8 4 6 14 2 5 0 3   8 7 0 15 2 1 13 9 12 4 11 14 10 5 6 3
14   4 4   2 3 11 4 7 0 8 14 5 1 10 15 6 13 9 12   0 11 4 2 5 8 14 7 15 6 1 10 3 13 9 12
15   4 4   9 6 12 1 0 3 14 13 8 5 7 2 10 4 15 11   12 1 9 11 0 3 6 13 8 5 14 2 4 15 7 10
16   4 4   1 5 0 14 10 11 15 3 12 8 2 7 4 6 9 13   5 15 14 1 2 3 10 11 12 8 9 7 4 6 0 13
17   4 4   8 15 10 2 0 1 11 14 12 5 13 4 9 3 6 7   7 15 11 2 8 1 13 14 0 5 3 4 6 12 9 10
18   4 4   0 3 2 7 14 9 12 10 1 11 8 6 15 13 4 5   9 2 7 0 10 14 11 12 1 13 8 6 3 4 5 15
19   4 4   10 6 15 9 11 3 0 13 12 8 2 7 5 1 4 14   10 1 15 7 11 6 0 2 14 12 3 9 5 8 4 13
