0   5 5   20 4 16 3 24 11 21 22 14 5 10 15 1 2 12 13 18 0 23 19 8 6 7 9 17   20 4 7 23 1 5 21 16 12 9 19 3 15 10 11 18 6 22 2 14 24 8 13 0 17
1   5 5   11 4 10 2 0 18 15 1 6 20 8 23 12 16 7 14 3 5 13 17 21 19 9 22 24   8 4 6 18 24 5 19 2 12 20 21 23 17 16 15 10 1 9 14 7 11 3 13 0 22
2   5 5   22 13 15 0 14 18 17 11 2 9 5 8 20 23 24 21 19 3 10 6 4 7 1 16 12   18 15 12 6 22 5 17 9 0 14 19 3 16 23 2 4 1 10 24 21 8 7 11 20 13
3   5 5   11 2 10 12 7 4 20 6 19 1 24 3 13 8 16 5 17 15 22 14 18 0 23 9 21   21 10 0 19 13 7 2 18 20 12 16 4 6 22 5 11 17 3 9 1 24 14 15 23 8
4   5 5   1 16 24 21 0 7 19 18 13 6 9 5 3 8 15 23 12 14 11 4 17 20 10 2 22   2 16 23 24 21 19 1 13 20 7 14 18 15 4 5 17 3 11 8 22 6 10 12 9 0
5   5 5   24 11 16 6 2 15 1 23 0 12 4 21 3 7 10 5 13 14 18 17 20 22 9 8 19   12 1 21 14 2 4 9 0 7 10 15 5 16 18 3 22 6 8 17 20 23 13 19 24 11
6   5 5   13 3 11 10 1 15 8 17 18 20 22 5 6 19 21 0 9 4 23 12 14 24 2 16 7   10 1 13 7 8 21 0 18 19 20 15 5 4 6 23 14 9 22 2 12 17 11 24 3 16
7   5 5   1 0 14 5 10 12 24 8 23 19 7 16 11 4 22 2 3 15 21 18 6 13 9 20 17   1 0 16 11 17 8 3 15 12 24 19 7 13 9 23 14 5 22 10 2 4 6 20 18 21
8   5 5   15 19 3 6 24 8 23 7 0 18 12 5 20 17 22 10 9 2 1 14 16 21 11 13 4   18 15 0 14 9 8 22 17 3 13 5 20 1 4 23 12 2 6 11 7 16 19 21 24 10
9   5 5   3 15 16 22 21 11 10 19 2 5 1 12 6 13 20 14 7 23 8 24 0 9 4 18 17   8 19 22 9 7 5 15 23 16 0 3 10 12 6 21 11 4 20 13 2 14 18 17 24 1
