0   5 5   8 6 9 22 23 14 16 13 18 24 15 1 4 19 11 17 2 10 3 5 21 20 12 7 0   6 14 22 7 8 24 1 4 16 23 18 5 19 13 15 3 20 17 11 10 21 9 12 2 0
1   5 5   11 4 18 16 9 7 5 24 14 22 1 19 15 12 2 8 17 3 13 10 21 6 20 0 23   4 18 5 21 11 24 9 22 7 14 19 15 12 13 1 8 17 3 23 2 6 20 0 16 10
2   5 5   1 17 6 4 21 11 20 8 9 13 19 15 5 16 14 22 3 12 23 7 2 0 18 24 10   6 4 20 9 0 17 11 5 8 14 13 15 23 16 22 19 12 24 7 2 3 18 21 10 1
3   5 5   16 5 9 22 0 15 11 3 19 1 12 6 24 20 14 23 18 21 2 4 8 7 17 13 10   15 5 9 13 14 11 3 22 1 21 23 6 24 19 10 20 4 8 18 0 16 7 17 2 12
4   5 5   13 3 22 16 2 17 19 20 0 1 8 12 11 24 23 14 9 7 15 6 21 5 10 4 18   18 2 13 3 24 19 20 1 16 17 8 12 11 15 6 9 7 22 23 14 10 4 0 21 5
5   5 5   13 0 11 10 19 22 15 7 12 6 9 3 1 20 21 4 8 2 5 16 17 14 23 18 24   11 17 15 7 0 6 10 1 20 12 9 22 16 4 21 3 23 18 8 2 13 24 5 14 19
6   5 5   21 7 23 2 3 4 10 13 15 0 17 5 9 20 19 8 12 6 1 14 16 11 22 24 18   23 2 7 4 13 0 19 17 5 15 11 8 10 9 20 21 12 6 1 14 3 22 24 18 16
7   5 5   2 20 4 9 24 11 13 0 10 23 16 7 12 19 15 5 22 17 14 8 6 21 18 3 1   3 12 6 9 24 2 0 23 11 13 7 5 10 19 15 16 22 17 14 8 1 20 18 21 4
8   5 5   9 20 3 19 0 17 18 24 10 8 4 23 12 21 11 16 6 15 14 22 1 13 7 2 5   9 13 3 24 0 20 18 21 8 17 4 12 14 10 11 6 7 23 15 22 1 2 19 16 5
9   5 5   3 0 13 14 24 22 21 18 11 16 8 1 17 2 12 5 10 19 4 15 9 23 7 6 20   3 1 13 6 24 21 4 18 14 22 23 11 19 16 8 0 17 12 10 7 2 15 5 20 9
10   5 5   0 9 3 6 24 11 15 12 10 5 19 20 8 2 16 14 21 7 1 22 4 23 17 18 13   5 0 9 18 17 11 15 3 2 10 19 8 12 1 16 20 21 24 13 22 23 14 7 6 4
11   5 5   8 5 11 18 4 13 20 12 3 9 22 16 0 21 17 23 19 10 1 6 7 24 2 14 15   8 7 11 18 4 5 14 3 9 17 22 12 16 0 21 1 20 2 13 10 24 6 19 15 23
12   5 5   24 19 23 3 1 2 14 20 8 4 6 21 15 11 12 9 10 18 0 16 17 22 7 5 13   19 23 8 1 21 10 9 15 12 4 2 6 18 20 16 14 0 3 11 5 17 22 7 13 24
13   5 5   3 9 8 21 12 15 7 20 5 13 10 14 22 23 1 6 16 4 24 0 2 18 17 19 11   3 9 0 1 2 15 12 20 5 23 7 10 14 22 24 4 17 21 13 11 16 6 18 8 19
14   5 5   14 18 22 4 0 21 7 5 2 13 20 8 24 9 15 3 12 6 1 11 10 23 17 16 19   7 14 1 9 19 8 6 17 15 2 3 12 4 16 21 10 23 22 0 20 11 13 18 5 24
15   5 5   0 24 22 7 17 20 15 23 16 11 6 3 18 5 13 8 14 10 21 2 1 12 9 4 19   21 13 20 3 24 7 14 23 4 2 19 6 12 18 17 8 22 10 16 0 1 15 9 5 11
16   5 5   4 8 22 7 2 18 14 13 9 17 1 21 10 23 12 6 5 15 24 0 20 19 16 11 3   21 10 2 4 19 23 9 17 5 13 24 22 6 18 14 12 8 15 11 0 20 1 16 7 3
17   5 5   7 0 14 13 17 10 18 15 3 9 6 22 24 12 21 4 23 20 8 16 1 5 19 2 11   24 11 18 13 17 3 0 10 20 15 6 9 19 12 21 16 22 23 5 8 2 4 1 7 14
18   5 5   4 14 0 21 12 2 7 16 19 9 6 8 24 11 1 10 3 13 5 15 22 20 23 18 17   10 0 19 12 4 21 7 16 23 9 2 8 13 11 1 6 24 17 14 15 3 18 22 5 20
19   5 5   15 4 5 19 20 14 1 9 16 11 8 6 21 13 17 7 10 22 23 18 0 12 24 2 3   18 12 9 16 0 15 11 14 4 20 10 13 17 8 21 22 7 24 3 1 6 5 2 19 23
20   5 5   7 10 13 4 14 1 20 15 24 3 23 12 17 22 11 9 8 18 19 2 6 16 0 21 5   1 20 13 22 12 15 8 24 19 3 23 16 17 21 2 9 10 18 4 5 6 11 0 7 14
